http://t.prt.news/fQyc04707eeL.jpg 0.91760712862 0.143239452656 0.303974529334 1
http://t.prt.news/onlmH8A0aafL.jpg 0.974430859089 0.032953899304 0.19302565053 0
https://t.prt.news/02DSACA021fL.jpg 0.541053771973 0.0218960916896 0.376958246819 0
https://t.prt.news/0QeJDDA0591L.jpg 0.931192040443 0.0952635418884 0.295826210918 1
https://t.prt.news/0lMKSB707fcL.jpg 0.855073928833 0.00351341652205 0.239237270623 0
https://t.prt.news/0r1ViW90251L.jpg 0.79309463501 0.00361834828552 0.0934468110833 1
https://t.prt.news/18PJACA0e97L.jpg 0.839298784733 0.0167539336618 0.051766209662 0
https://t.prt.news/1hmpUX901b4L.jpg 0.67051255703 0.0380072833063 0.11763861452 0
https://t.prt.news/1mh2ACA0d56L.jpg 0.862566947937 0.0781979053992 0.0865416101153 1
https://t.prt.news/1yu3ACA0689L.jpg 0.83893018961 0.0107509580609 0.103644238271 0
https://t.prt.news/27zxwK60eceL.jpg 0.849214375019 0.00550166617331 0.150342767271 0
https://t.prt.news/2KtM3m50401L.jpg 0.771778345108 0.0618839179319 0.109428108885 1
https://t.prt.news/2Nb1ACA096aL.jpg 0.661442697048 0.00584814422626 0.0451338244892 0
https://t.prt.news/2SOtPQ60c6bL.jpg 0.834981262684 0.0223524427291 0.236239503107 1
https://t.prt.news/2k3JJ3802bbL.jpg 0.841108620167 0.0471187729875 0.254608057479 1
https://t.prt.news/3V0KuR5089bL.jpg 0.822638392448 0.0105570549629 0.171203302608 1
https://t.prt.news/3oeSqy90bd6L.jpg 0.564051866531 0.0752655134123 0.0316491094856 1
https://t.prt.news/41xqSF40b65L.jpg 0.821606397629 0.0254707599671 0.0582857239432 1
https://t.prt.news/4Exrqt90c31L.jpg 0.848083913326 0.0253633142103 0.176571705521 1
https://t.prt.news/4wgEFCA0a36L.jpg 0.951890289783 0.0364341376369 0.266683257896 1
https://t.prt.news/5KayGj60eb0L.jpg 0.720000743866 0.00889171170833 0.181236302393 0
https://t.prt.news/5M14pW90108L.jpg 0.648304522038 0.00481544678574 0.140946607486 0
https://t.prt.news/5qv87u90977L.jpg 0.731328368187 0.0254799806037 0.222986435089 1
https://t.prt.news/681bACA08dfL.jpg 0.767297208309 0.00478808109987 0.0716226215755 0
https://t.prt.news/6JZU9CA0ddbL.jpg 0.978594720364 0.028059342311 0.317306060781 0
https://t.prt.news/6LN4qN70934L.jpg 0.817335367203 0.00941897001894 0.142563470848 0
https://t.prt.news/6l6XAX90396L.jpg 0.706183969975 0.0510716505316 0.209253837312 1
https://t.prt.news/6tPaoCA01a3L.jpg 0.94140714407 0.0923138802313 0.213285366476 1
https://t.prt.news/74AuTI40047L.jpg 0.757711827755 0.0401414048125 0.389488363349 1
https://t.prt.news/74e0nCA0b46L.jpg 0.889533400536 0.0253521407151 0.173972460414 0
https://t.prt.news/7K3rty90a09L.jpg 0.838334262371 0.0338860508472 0.0805915631224 1
https://t.prt.news/7MzHNb90ef6L.jpg 0.833480775356 0.0355047912762 0.331932625631 1
https://t.prt.news/7sfZACA0c04L.jpg 0.582840919495 0.00465072191776 0.0428700424967 0
https://t.prt.news/8RujACA0d64L.jpg 0.853275835514 0.0100126018682 0.123372728011 0
https://t.prt.news/8WeJ98400bfL.jpg 0.947707116604 0.0103479343735 0.00351824919532 0
https://t.prt.news/8mKBNI404b1L.jpg 0.925938665867 0.0221973803894 0.183938979623 1
https://t.prt.news/8p266m70c81L.jpg 0.809659779072 0.00497301971462 0.3158477231 0
https://t.prt.news/8vfm5q9041bL.jpg 0.780658721924 0.00323328368375 0.210712579704 0
https://t.prt.news/967XQQ60801L.jpg 0.852496981621 0.00682374759884 0.0 0
https://t.prt.news/98Dq6CA0045L.jpg 0.947549045086 0.123122221065 0.204727154035 1
https://t.prt.news/9O0NBT50dcaL.jpg 0.935246765614 0.0105639237341 0.146169606751 0
https://t.prt.news/9lMiACA0f2bL.jpg 0.848413348198 0.0260420163629 0.169138872292 1
https://t.prt.news/AFDeUY502c8L.jpg 0.846749961376 0.0155039997999 0.125036675731 0
https://t.prt.news/AFdEli60311L.jpg 0.93508297205 0.0114768144146 0.122387740771 0
https://t.prt.news/AWTCpW405c9L.jpg 0.780068039894 0.00962676680513 0.0893913289247 1
https://t.prt.news/AkslECA01fcL.jpg 0.913385808468 0.0252654105869 0.241113317841 0
https://t.prt.news/BMRiSB90796L.jpg 0.941112160683 0.0106823092158 0.15086311066 0
https://t.prt.news/BOVK30A01cfL.jpg 0.796759426594 0.0445214458693 0.19580953439 1
https://t.prt.news/BXCy9CA0334L.jpg 0.892603158951 0.0302280344998 0.173321669005 1
https://t.prt.news/Be9S6I4074dL.jpg 0.753615677357 0.0148965217591 0.260272069735 1
https://t.prt.news/BiNpOL60979L.jpg 0.924678564072 0.000998874238639 0.0602065456968 0
https://t.prt.news/BpB07a508daL.jpg 0.790543615818 0.0979812960739 0.189826755755 1
https://t.prt.news/C1f6ha50014L.jpg 0.770877063274 0.0409520472143 0.216273751991 1
https://t.prt.news/C4KGop901adL.jpg 0.830980122089 0.0572391914428 0.126370702443 1
https://t.prt.news/CJWBXp90e42L.jpg 0.820685505867 0.0157010602662 0.10690833022 0
https://t.prt.news/CWSz9CA0eb9L.jpg 0.846400916576 0.00829907832185 0.0573583270531 0
https://t.prt.news/CtKHACA0281L.jpg 0.789933204651 0.0118957021746 0.381137374375 0
https://t.prt.news/DfMdnCA01cbL.jpg 0.889413237572 0.0225809225751 0.298383972104 1
https://t.prt.news/DjWs9CA067bL.jpg 0.835003376007 0.0935404573848 0.303570069502 1
https://t.prt.news/DxpLACA03d2L.jpg 0.885157525539 0.00451395239638 0.0367365206791 0
https://t.prt.news/E6LSyM50f28L.jpg 0.963835597038 0.0551400490585 0.450765057522 1
https://t.prt.news/EhSu2K50e26L.jpg 0.827983081341 0.0413864586969 0.103041258949 0
https://t.prt.news/ExmhUn80279L.jpg 0.699590623379 0.0318476215714 0.0 0
https://t.prt.news/F1bsty90402L.jpg 0.801023364067 0.00713896431697 0.143528928625 0
https://t.prt.news/FXNdACA03feL.jpg 0.516524493694 0.00523064865818 0.132524197782 0
https://t.prt.news/FtaMOf60269L.jpg 0.807041764259 0.0590902114079 0.174453672156 1
https://t.prt.news/Fy9y9CA0ffdL.jpg 0.803674161434 0.0426668589921 0.1488447205 1
https://t.prt.news/GHuO0S506c0L.jpg 0.348649650812 0.0323660967645 0.141852706341 0
https://t.prt.news/GNWDew9040cL.jpg 0.913141429424 0.0175824222729 0.203265533121 0
https://t.prt.news/GSKTqy90752L.jpg 0.81911611557 0.0315998968968 0.185032635239 1
https://t.prt.news/GXV7ew90d97L.jpg 0.89720928669 0.00336677912818 0.0394801014883 0
https://t.prt.news/HIOL9X9021cL.jpg 0.853834331036 0.0240601480793 0.196655006531 0
https://t.prt.news/HPE5ACA0455L.jpg 0.539548754692 0.00553026016125 0.14811225523 0
https://t.prt.news/HgZn5q90bd8L.jpg 0.895796120167 0.00911412370088 0.115237538624 0
https://t.prt.news/HjSO7H60b28L.jpg 0.940447926521 0.0226046945436 0.156467547412 0
https://t.prt.news/HkIZa740c72L.jpg 0.8199827075 0.00947600996997 0.0987739186094 0
https://t.prt.news/Hzh8ACA073fL.jpg 0.972379088402 0.0282790010151 0.0769017226433 0
https://t.prt.news/I3XCWb4005aL.jpg 0.788585722446 0.0134323190279 0.317947518529 0
https://t.prt.news/Iuobf8702a8L.jpg 0.95117521286 0.00616983074044 0.28585021126 0
https://t.prt.news/JmC0e070552L.jpg 0.84929972887 0.0391448294909 0.178413386858 1
https://t.prt.news/K3I3PR40d22L.jpg 0.815220654011 0.00706040804804 0.0833830065581 0
https://t.prt.news/K3wN7750b12L.jpg 0.833897531033 0.038908645671 0.239076468656 1
https://t.prt.news/K5JCRo80112L.jpg 0.855041384697 0.0411999922045 0.296748324404 1
https://t.prt.news/K8f3yQ509ceL.jpg 0.778395175934 0.0133436393933 0.122752507394 1
https://t.prt.news/KGfgTX90a2aL.jpg 0.720994234085 0.00550555021413 0.118398453112 0
https://t.prt.news/KHT9yW909efL.jpg 0.722620487213 0.0364818475838 0.1328542594 1
https://t.prt.news/KZnm7CA02c0L.jpg 0.92016017437 0.0144075666461 0.213096781005 0
https://t.prt.news/KelV2j60514L.jpg 0.977479100227 0.102627723414 0.241975968919 1
https://t.prt.news/KkcX4X9064cL.jpg 0.770297110081 0.0276116032142 0.367704403854 1
https://t.prt.news/L8HcDCA00afL.jpg 0.948376536369 0.189079865743 0.229702755311 1
https://t.prt.news/LHDtACA0325L.jpg 0.922406256199 0.0253223081709 0.0961081029904 0
https://t.prt.news/LHLroGA0022L.jpg 0.958614945412 0.109118311223 0.181112176396 0
https://t.prt.news/MBgtmg70b8aL.jpg 0.939767479897 0.0158117190522 0.277633447984 0
https://t.prt.news/MJlnSF90a67L.jpg 0.816153168678 0.00389484539665 0.113720661647 0
https://t.prt.news/MNSv9CA0b99L.jpg 0.818538606167 0.0532583336319 0.185020746298 1
https://t.prt.news/MXpl2q90753L.jpg 0.705044865608 0.00120073338337 0.031723518076 0
https://t.prt.news/MYxAECA00c4L.jpg 0.890362262726 0.0202835797997 0.131061604743 0
https://t.prt.news/MfE2xp9018eL.jpg 0.717664599419 0.0400610177092 0.222936093075 1
https://t.prt.news/Mhhb8L606d6L.jpg 0.852505862713 0.0118549232275 0.24740349087 0
https://t.prt.news/My30ew90f4fL.jpg 0.859197258949 0.0971489604379 0.129455806031 1
https://t.prt.news/NDoBZn80a86L.jpg 0.774169623852 0.00460157322677 0.0603922635046 0
https://t.prt.news/NHlCCHA04c4L.jpg 0.887154042721 0.0900106092196 0.207144494076 1
https://t.prt.news/NRqKew90b35L.jpg 0.771889567375 0.00442015488526 0.226786926619 0
https://t.prt.news/O4octW90348L.jpg 0.766117572784 0.0113075557342 0.0967650538332 1
https://t.prt.news/O9Id5EA0effL.jpg 0.907584547997 0.0276819681825 0.24581400192 1
https://t.prt.news/OGTbOC60310L.jpg 0.963932454586 0.0256681884362 0.244486219844 1
https://t.prt.news/OXKZYEA0f6fL.jpg 0.891255497932 0.00733121448106 0.0713008160813 0
https://t.prt.news/ObmT8k60c91L.jpg 0.978939533234 0.00583020176374 0.274865353044 0
https://t.prt.news/Oq8vDJ80bd4L.jpg 0.793064653873 0.0106738032679 0.0439281083834 0
https://t.prt.news/P1Pydw908b8L.jpg 0.797293424606 0.0270378215387 0.350588434674 1
https://t.prt.news/P3ey9CA065dL.jpg 0.825052440166 0.00979388121358 0.208050845359 1
https://t.prt.news/PdePrS5032fL.jpg 0.903973460197 0.0379119281452 0.294453567735 1
https://t.prt.news/Pijm7K60c91L.jpg 0.837175965309 0.0540215152059 0.263755955054 1
https://t.prt.news/PwfHew9066cL.jpg 0.893096864223 0.00138700971243 0.100556272587 0
https://t.prt.news/Pxwtzf4098aL.jpg 0.814136922359 0.00722427995283 0.131670249532 0
https://t.prt.news/QCWeOX90c39L.jpg 0.832906603813 0.0737079693197 0.166196156862 1
https://t.prt.news/QWEFACA07baL.jpg 0.721772074699 0.115343242497 0.34728679437 1
https://t.prt.news/R0COACA0a5aL.jpg 0.816516041756 0.00418542287564 0.230809470994 0
https://t.prt.news/RIuBSp908b5L.jpg 0.743718147278 0.0986905543839 0.139108137781 1
https://t.prt.news/SH0ezp90e0bL.jpg 0.658973932266 0.00165499499374 0.0383182420974 0
https://t.prt.news/SHLrlCA094bL.jpg 0.958353161812 0.00256274965782 0.111802680179 0
https://t.prt.news/Sh1yfl60d73L.jpg 0.859512746334 0.0782898871033 0.263791323536 1
https://t.prt.news/SlUpEq90040L.jpg 0.752873957157 0.00209106471309 0.278275422339 0
https://t.prt.news/Swflty9077dL.jpg 0.810380458832 0.0169858559709 0.178904731593 1
https://t.prt.news/TMdoFa5083bL.jpg 0.785464346409 0.0562223589261 0.0858347594108 1
https://t.prt.news/TdAXvS50824L.jpg 0.834466099739 0.0311977638866 0.158853687924 1
https://t.prt.news/UAenoz60dcbL.jpg 0.856924116611 0.0138839418083 0.108062429238 1
https://t.prt.news/UNyYi070df8L.jpg 0.837867796421 0.0629325559895 0.384932319205 1
https://t.prt.news/Uw5Jfh50d28L.jpg 0.750212848186 0.0400835400871 0.100553116063 1
https://t.prt.news/VCU7xE60e9fL.jpg 0.8686439991 0.0018781636471 0.0879650219178 0
https://t.prt.news/VLHi89A0662L.jpg 0.972241282463 0.0812505274847 0.158393653212 1
https://t.prt.news/VjPadi5050bL.jpg 0.827943146229 0.0648546755667 0.181091018864 1
https://t.prt.news/VsxLaW5026fL.jpg 0.865052044392 0.0114908977093 0.290736127113 0
https://t.prt.news/VxDqty908e2L.jpg 0.802517235279 0.00326232858816 0.470231613626 0
https://t.prt.news/W1vo3A50962L.jpg 0.697328090668 0.030778417995 0.0581532170552 1
https://t.prt.news/W6x64q901ccL.jpg 0.822280824184 0.0122761374344 0.302211288284 1
https://t.prt.news/Wa7u2d6017bL.jpg 0.760727107525 0.0028840705355 0.0943815004606 0
https://t.prt.news/WaIRmp808baL.jpg 0.783752143383 0.0325348638917 0.170546911341 0
https://t.prt.news/WgDh3s40c3cL.jpg 0.806662917137 0.0184548215747 0.115890761108 0
https://t.prt.news/XYEknz709b2L.jpg 0.777446746826 0.0224563943394 0.0704823190215 0
https://t.prt.news/Xe3HYo80e82L.jpg 0.83382409811 0.0249753712162 0.197780196637 1
https://t.prt.news/YGBSACA03c3L.jpg 0.828698158264 0.0824914434985 0.0807034638704 1
https://t.prt.news/YI9Bwl80124L.jpg 0.817484974861 0.0329473673519 0.242710925877 0
https://t.prt.news/YIWNaa50938L.jpg 0.823258399963 0.125293440766 0.140212720683 1
https://t.prt.news/YPFCaZ40f3eL.jpg 0.80341976881 0.0962699275542 0.238239366042 1
https://t.prt.news/YoOQTw9015fL.jpg 0.654773235321 0.0719784869709 0.172174270282 1
https://t.prt.news/YpI0ACA0a49L.jpg 0.773917138577 0.0468815381388 0.250208461976 1
https://t.prt.news/YpJ2ci600e5L.jpg 0.844239294529 0.00656937852203 0.150103501335 1
https://t.prt.news/ZLAPXO509e4L.jpg 0.835784435272 0.030516789492 0.108733375553 1
https://t.prt.news/ZN0t3X601f6L.jpg 0.934473276138 0.0179228065332 0.0560716089267 0
https://t.prt.news/ZQvoBEA062eL.jpg 0.881209373474 0.0225278497362 0.253132245853 0
https://t.prt.news/ZS8fEq908f9L.jpg 0.801995933056 0.131460748041 0.255686115596 1
https://t.prt.news/a5Uk2q90da2L.jpg 0.850327134132 0.0113316374502 0.123349811237 0
https://t.prt.news/aSzEACA0549L.jpg 0.869386196136 0.04464602843 0.264360493492 1
https://t.prt.news/arQopv404aaL.jpg 0.390740126371 0.0790694354778 0.0919391222152 1
https://t.prt.news/b2cSqy9095fL.jpg 0.682037055492 0.00575661611991 0.189875190212 0
https://t.prt.news/bMvPrA40ddbL.jpg 0.724775850773 0.0765270989831 0.158191695399 1
https://t.prt.news/bN8dACA005fL.jpg 0.803717851639 0.0648087033241 0.109313388987 1
https://t.prt.news/bNu8Bs5097bL.jpg 0.755722820759 0.00748625780628 0.0412185509004 0
https://t.prt.news/baS7DDA0a76L.jpg 0.926963806152 0.03137897268 0.303200597938 0
https://t.prt.news/bbgs9CA0df8L.jpg 0.852986931801 0.041062976391 0.260464021056 1
https://t.prt.news/bgwF0R6045aL.jpg 0.817847788334 0.00364872370682 0.0233755065714 0
https://t.prt.news/bhpcIX90093L.jpg 0.784163475037 0.0110174765727 0.181352829847 0
https://t.prt.news/bni630A08f3L.jpg 0.798993051052 0.00531622345833 0.0924280720776 0
https://t.prt.news/br22ACA02caL.jpg 0.775394439697 0.037253927185 0.282404432371 0
https://t.prt.news/btNQaC60775L.jpg 0.961631834507 0.0136230696518 0.0655619764823 0
https://t.prt.news/cKYsFq90e36L.jpg 0.560748159885 0.0212552894639 0.149141850905 0
https://t.prt.news/cVNvdJ60079L.jpg 0.811336517334 0.00749664407737 0.0232818520028 0
https://t.prt.news/ce63eo90df8L.jpg 0.794212043285 0.00567554291925 0.548638087243 1
https://t.prt.news/coE9jH603cbL.jpg 0.82679361105 0.0287469497334 0.0880931484717 1
https://t.prt.news/dHr0ACA006bL.jpg 0.825829386711 0.0226090522903 0.238267034787 1
https://t.prt.news/eAw9MF708a4L.jpg 0.850217819214 0.013013315297 0.262895000403 1
https://t.prt.news/eEjwMq90619L.jpg 0.847955286503 0.046849859522 0.366621520198 1
https://t.prt.news/eUR1ACA06afL.jpg 0.258441865444 0.0021870462306 0.0330783616598 0
https://t.prt.news/esfVcX90edcL.jpg 0.750925779343 0.0034345980402 0.0646109077648 0
https://t.prt.news/esi0RX903feL.jpg 0.801896095276 0.0347878574595 0.206967039769 1
https://t.prt.news/evvBhH60b1dL.jpg 0.79223304987 0.00653951525524 0.163659720604 1
https://t.prt.news/f60BACA0b04L.jpg 0.767610728741 0.0504308604459 0.233489683347 1
https://t.prt.news/g2SSv7A0b84L.jpg 0.883278846741 0.00251671483622 0.0773202352153 0
https://t.prt.news/gBxQ3170778L.jpg 0.830398499966 0.215123341618 0.180001911349 1
https://t.prt.news/gDjSqy9044dL.jpg 0.805195629597 0.00202752739278 0.221795903767 0
https://t.prt.news/gFAOnCA0820L.jpg 0.911135673523 0.0271269447526 0.186941514562 0
https://t.prt.news/gOYuvW903a9L.jpg 0.707842886448 0.00588711898693 0.096643681943 0
https://t.prt.news/gYODew908c8L.jpg 0.916211605072 0.0170430639673 0.162063459295 0
https://t.prt.news/gltzGL7027eL.jpg 0.966358780861 0.0638066161748 0.180262039635 1
https://t.prt.news/gmns9CA073eL.jpg 0.554106771946 0.0211709477702 0.174481655031 1
https://t.prt.news/gw5jACA03d9L.jpg 0.865451514721 0.0225472118134 0.194639012465 0
https://t.prt.news/h0C7ew900f6L.jpg 0.740737915039 0.00613792886885 0.274898608954 0
https://t.prt.news/h4cs9CA0b25L.jpg 0.583025455475 0.0270637473649 0.159920038916 1
https://t.prt.news/hUeUhA40eb9L.jpg 0.779092133045 0.0124821753684 0.281135581256 1
https://t.prt.news/hZpCwDA0fb1L.jpg 0.825590789318 0.105954711073 0.139295851034 1
https://t.prt.news/i9d6bL60e69L.jpg 0.951567590237 0.165450509129 0.091839550946 1
https://t.prt.news/ib7IMj50f5fL.jpg 0.771716713905 0.00295743753858 0.0253948906015 0
https://t.prt.news/iovDla50d17L.jpg 0.843348383904 0.0325525973455 0.0999192950646 0
https://t.prt.news/iqIar0402e2L.jpg 0.941078722477 0.00183246815146 0.2381635329 0
https://t.prt.news/j0Fhxk80497L.jpg 0.781124055386 0.0715862165563 0.105894571809 0
https://t.prt.news/j1H43370a9aL.jpg 0.752624154091 0.0731864784137 0.0460965303989 1
https://t.prt.news/jeOr1V50522L.jpg 0.825699746609 0.0452061344212 0.0947645236122 1
https://t.prt.news/jx0ZJV50ebeL.jpg 0.794878482819 0.00204064248773 0.0840176957181 0
https://t.prt.news/k80aACA004bL.jpg 0.825412392616 0.00985196078306 0.0268907586835 0
https://t.prt.news/kAIh3x607fbL.jpg 0.561783671379 0.00474230355985 0.166016302983 0
https://t.prt.news/kHKyuT5027cL.jpg 0.825506746769 0.0833685911056 0.184915681064 1
https://t.prt.news/kJzAACA0b8bL.jpg 0.624292254448 0.0787728341979 0.212450882216 1
https://t.prt.news/kPXpJq9063eL.jpg 0.91292232275 0.0484554952168 0.40756388237 1
https://t.prt.news/ksWXJf70810L.jpg 0.843250334263 0.0405375481769 0.233882759672 1
https://t.prt.news/kvESv7A0aeaL.jpg 0.825633883476 0.00610528454007 0.132317474868 0
https://t.prt.news/lb68ACA0d15L.jpg 0.834555983543 0.0803227586961 0.0967164105041 1
https://t.prt.news/ldOTwD7074bL.jpg 0.824529349804 0.0365729636131 0.227340909942 1
https://t.prt.news/m1KDew90f96L.jpg 0.647593021393 0.00354368661959 0.13093598269 0
https://t.prt.news/m87ZACA078dL.jpg 0.774366378784 0.00440389493263 0.360490893034 0
https://t.prt.news/mX529GA0466L.jpg 0.941536009312 0.0274707828574 0.181370995713 0
https://t.prt.news/mcbCTG4071cL.jpg 0.851641178131 0.0324563718138 0.214469764897 1
https://t.prt.news/mhyb2X90d49L.jpg 0.904665589333 0.0153928709773 0.079802282487 0
https://t.prt.news/mqomty90800L.jpg 0.617514967918 0.0139148149538 0.0967173134718 0
https://t.prt.news/nVjoCX90081L.jpg 0.782975018024 0.029745579132 0.0717157024699 0
https://t.prt.news/oQc4ACA0278L.jpg 0.878010034561 0.102237081361 0.10092439775 0
https://t.prt.news/oRidbl50613L.jpg 0.811971962452 0.0524762833524 0.230883147863 1
https://t.prt.news/oS7ydw90517L.jpg 0.848767518997 0.0590812729477 0.194850187022 1
https://t.prt.news/oZG6ew90ae9L.jpg 0.579472541809 0.0122082623192 0.102546851262 0
https://t.prt.news/oknztz40c3bL.jpg 0.910819411278 0.0380134314231 0.193260702539 1
https://t.prt.news/on1t9CA06afL.jpg 0.824748396873 0.0410927907667 0.13545518637 1
https://t.prt.news/oqLMyF600f3L.jpg 0.641491651535 0.00439625090709 0.18309141736 0
https://t.prt.news/ozp7BX90767L.jpg 0.711396276951 0.103458306427 0.269237149551 1
https://t.prt.news/pFjSWS802edL.jpg 0.66918694973 0.0185782263491 0.164639508579 1
https://t.prt.news/pRsw9W70602L.jpg 0.839231550694 0.00326011504476 0.146795781268 0
https://t.prt.news/ppgHjW90ae0L.jpg 0.803713440895 0.00735289462325 0.181258282257 0
https://t.prt.news/q1du9CA0fb8L.jpg 0.838096559048 0.033153716252 0.350682004828 1
https://t.prt.news/qV9qty904d3L.jpg 0.81490534544 0.00736273123022 0.269594356399 0
https://t.prt.news/qiLn5X5007dL.jpg 0.826891124249 0.00325295380117 0.665543947421 0
https://t.prt.news/qmzDHq906d9L.jpg 0.963526308537 0.0148133069608 0.171775923372 0
https://t.prt.news/r1Vmty905a9L.jpg 0.798840045929 0.00495639309522 0.0 0
https://t.prt.news/re6CHq903e0L.jpg 0.473917096853 0.00732351800364 0.0213760171673 0
https://t.prt.news/s49BYX60988L.jpg 0.883372962475 0.10531260046 0.304561105942 1
https://t.prt.news/sMbv4EA0dafL.jpg 0.929186582565 0.0222170141392 0.325059739916 1
https://t.prt.news/sTBUnp90bb6L.jpg 0.804531872272 0.0128279231907 0.182766515737 0
https://t.prt.news/sXrMeW505f1L.jpg 0.859947443008 0.0368696982642 0.12604082881 1
https://t.prt.news/sbzkyO708baL.jpg 0.713221490383 0.0354189237349 0.178187359145 1
https://t.prt.news/tCKRjd40c3eL.jpg 0.963880598545 0.00987772712112 0.461785844856 1
https://t.prt.news/tp9XNQ50c6eL.jpg 0.887783229351 0.00530069490579 0.100146683719 0
https://t.prt.news/tpw2m3601a2L.jpg 0.671900629997 0.000863371421211 0.0425054089478 0
https://t.prt.news/u4QDew90de1L.jpg 0.953335642815 0.0169987635534 0.0 0
https://t.prt.news/uC10ew9029cL.jpg 0.946307599545 0.00131416680299 0.246128468532 0
https://t.prt.news/uCbRcX90beaL.jpg 0.808565139771 0.0491544665245 0.254708939264 1
https://t.prt.news/uNzKew90e58L.jpg 0.851652801037 0.000779072192688 0.31523740724 0
https://t.prt.news/v2XbECA07e0L.jpg 0.948106348515 0.0242435473853 0.334822667633 0
https://t.prt.news/vgbe5FA09e3L.jpg 0.914359271526 0.00934025766816 0.13565061577 0
https://t.prt.news/vn6sbU502deL.jpg 0.777038216591 0.0148256370382 0.304393201906 1
https://t.prt.news/vnj3GX90f45L.jpg 0.80134755373 0.110434380216 0.288155410365 1
https://t.prt.news/vsiMlW40a07L.jpg 0.829170763493 0.0346529675682 0.17457003545 0
https://t.prt.news/w1zUACA0286L.jpg 0.88471955061 0.0105446744489 0.145323028892 0
https://t.prt.news/wCcWV390053L.jpg 0.842290878296 0.0137606868087 0.12347245027 0
https://t.prt.news/wFJQACA0f36L.jpg 0.683233976364 0.103618440479 0.284580142223 1
https://t.prt.news/wZ6eACA0ceaL.jpg 0.469555139542 0.052117989679 0.234472499422 1
https://t.prt.news/x4H3Fy70c2eL.jpg 0.816704630852 0.0722082984293 0.356019702827 1
https://t.prt.news/y6YIzU503fbL.jpg 0.820724964142 0.0206147247615 0.223763660491 1
https://t.prt.news/yFs2u9A0edaL.jpg 0.900101423264 0.0709413776519 0.157935912738 0
https://t.prt.news/yHTcW970322L.jpg 0.843563377857 0.132761080944 0.208615688512 1
https://t.prt.news/yHyiUX90560L.jpg 0.849419295788 0.0294082691558 0.323907081965 1
https://t.prt.news/yLgj3CA02ceL.jpg 0.936921536922 0.0437469609993 0.259169181937 1
https://t.prt.news/yNkx9CA09b9L.jpg 0.836299598217 0.00728477139814 0.183236605727 0
https://t.prt.news/yU0OACA0836L.jpg 0.780369222164 0.0188714283064 0.221834074929 1
https://t.prt.news/yqkFew90a5eL.jpg 0.934172272682 0.00602239931014 0.102836697421 0
https://t.prt.news/zXM1ww70024L.jpg 0.828824222088 0.0681773095274 0.101449872821 1
https://t.prt.news/ztxCQX905cdL.jpg 0.89941161871 0.00933621870684 0.174367328449 0
